n	                    Xn	                   Vn1	                   Vn2	                  V^n1	                  V^n2	            En (norm2)	            S* (norm2)	                  Hn-1
0	0.0000000000000000e+00	7.0000000000000000e+00	1.3000000000000000e+01	-	                 -	0.0000000000000000e+00	0.0000000000000000e+00	-
1	2.0000000000000000e-03	8.9998000019999882e+00	1.0999800001999986e+01	9.5779250019999864e+00	1.0421675001999986e+01	8.4003458331062708e-01	8.1759221574694441e-01	2.0000000000000000e-03
2	4.0000000000000001e-03	9.6662666746665593e+00	1.0332933341333227e+01	9.8589750079998950e+00	1.0140225007999893e+01	3.9369784603110575e-01	2.7253073858231730e-01	2.0000000000000000e-03
3	6.0000000000000001e-03	9.8882889068885280e+00	1.0110511129110751e+01	9.9525250179996405e+00	1.0046275017999641e+01	1.4661838542566752e-01	9.0843579527439100e-02	2.0000000000000000e-03
4	8.0000000000000002e-03	9.9621629949621102e+00	1.0036237069036183e+01	9.9835750319991465e+00	1.0014825031999147e+01	5.0955032693744060e-02	3.0281193175811776e-02	2.0000000000000000e-03
5	1.0000000000000000e-02	9.9866543709859883e+00	1.0011345729010678e+01	9.9937917166649992e+00	1.0004208383331665e+01	1.7266811106761197e-02	1.0093731058603506e-02	2.0000000000000000e-03
6	1.2000000000000000e-02	9.9946848456596715e+00	1.0002915298334567e+01	9.9970639608860079e+00	1.0000536183108231e+01	5.7937412133342494e-03	3.3645770195332458e-03	2.0000000000000000e-03
7	1.4000000000000000e-02	9.9972283558829460e+00	9.9999718401079072e+00	9.9980213942917224e+00	9.9991788016991308e+00	1.9364084219723519e-03	1.1215256731743992e-03	2.0000000000000000e-03
8	1.6000000000000000e-02	9.9979428806223467e+00	9.9988573753640004e+00	9.9982072267586055e+00	9.9985930292277416e+00	6.4616798687204351e-04	3.7384189105813307e-04	2.0000000000000000e-03
9	1.8000000000000002e-02	9.9980477462000046e+00	9.9983525777805564e+00	9.9981358615787581e+00	9.9982644624018029e+00	2.1548386239669755e-04	1.2461396368688174e-04	2.0000000000000018e-03
10	2.0000000000000004e-02	9.9979493947232410e+00	9.9980510052500939e+00	9.9979787665161606e+00	9.9980216334571761e+00	7.1840747843477076e-05	4.1537987896883315e-05	2.0000000000000018e-03
11	2.2000000000000006e-02	9.9977833068944459e+00	9.9978171770700630e+00	9.9977930974920852e+00	9.9978073864724237e+00	2.3948647388428420e-05	1.3845995965209082e-05	2.0000000000000018e-03
12	2.4000000000000007e-02	9.9975946429476927e+00	9.9976059330062323e+00	9.9975979064802374e+00	9.9976026694736859e+00	7.9831167888509947e-06	4.6153319871469532e-06	2.0000000000000018e-03
13	2.6000000000000009e-02	9.9973984562942881e+00	9.9974022196471335e+00	9.9973995441384691e+00	9.9974011318029508e+00	2.6610706421351329e-06	1.5384439957156509e-06	2.0000000000000018e-03
14	2.8000000000000011e-02	9.9971997647379425e+00	9.9972010191888909e+00	9.9972001273526718e+00	9.9972006565741651e+00	8.8702783812704871e-07	5.1281466565724169e-07	2.0000000000000018e-03
15	3.0000000000000013e-02	9.9970002408798457e+00	9.9970006590301619e+00	9.9970003617514216e+00	9.9970005381585860e+00	2.9567652718590495e-07	1.7093822188574722e-07	2.0000000000000018e-03
16	3.2000000000000015e-02	9.9968004422536723e+00	9.9968005816371104e+00	9.9968004825441970e+00	9.9968005413465857e+00	9.8558921527961572e-08	5.6979406457866433e-08	2.0000000000000018e-03
17	3.4000000000000016e-02	9.9966005547039263e+00	9.9966006011650705e+00	9.9966005681341006e+00	9.9966005877348980e+00	3.2852982635171648e-08	1.8993133392498907e-08	2.0000000000000018e-03
18	3.6000000000000018e-02	9.9964006401787238e+00	9.9964006556657701e+00	9.9964006446554468e+00	9.9964006511890453e+00	1.0950995467797842e-08	6.3310436267837687e-09	2.0000000000000018e-03
19	3.8000000000000020e-02	9.9962007193273816e+00	9.9962007244897286e+00	9.9962007208196226e+00	9.9962007229974894e+00	3.6503305665255296e-09	2.1103462008296327e-09	2.0000000000000018e-03
20	4.0000000000000022e-02	9.9960007990329522e+00	9.9960008007537340e+00	9.9960007995303659e+00	9.9960008002563221e+00	1.2167764368197088e-09	7.0344789622822964e-10	2.0000000000000018e-03
21	4.2000000000000023e-02	9.9958008815897355e+00	9.9958008821633300e+00	9.9958008817555406e+00	9.9958008819975248e+00	4.0559256429897249e-10	2.3448388814966972e-10	2.0000000000000018e-03
22	4.4000000000000025e-02	9.9956009677624440e+00	9.9956009679536404e+00	9.9956009678177118e+00	9.9956009678983744e+00	1.3519626535837555e-10	7.8159202603371320e-11	2.0000000000000018e-03
23	4.6000000000000027e-02	9.9954010578059265e+00	9.9954010578696586e+00	9.9954010578243473e+00	9.9954010578512360e+00	4.5065421786125182e-11	2.6052230178728118e-11	2.0000000000000018e-03
24	4.8000000000000029e-02	9.9952011518050803e+00	9.9952011518263255e+00	9.9952011518112212e+00	9.9952011518201829e+00	1.5022644644686360e-11	8.6857515722610551e-12	2.0000000000000018e-03
25	5.0000000000000031e-02	9.9950012497881531e+00	9.9950012497952336e+00	9.9950012497901994e+00	9.9950012497931873e+00	5.0067108322508215e-12	2.8939944198459341e-12	2.0000000000000018e-03
26	5.2000000000000032e-02	9.9948013517645045e+00	9.9948013517668652e+00	9.9948013517651866e+00	9.9948013517661813e+00	1.6693227746360920e-12	9.6592169727499964e-13	2.0000000000000018e-03
27	5.4000000000000034e-02	9.9946014577372040e+00	9.9946014577379891e+00	9.9946014577374314e+00	9.9946014577377618e+00	5.5519037695410150e-13	3.2155493553843715e-13	2.0000000000000018e-03
28	5.6000000000000036e-02	9.9944015677072180e+00	9.9944015677074809e+00	9.9944015677072926e+00	9.9944015677074045e+00	1.8591592030583032e-13	1.0677367560524487e-13	2.0000000000000018e-03
29	5.8000000000000038e-02	9.9942016816748183e+00	9.9942016816749053e+00	9.9942016816748449e+00	9.9942016816748804e+00	6.1560440127420639e-14	3.6447795055286734e-14	2.0000000000000018e-03
30	6.0000000000000039e-02	9.9940017996400421e+00	9.9940017996400687e+00	9.9940017996400492e+00	9.9940017996400616e+00	1.8882932218273130e-14	1.0048591735576161e-14	2.0000000000000018e-03
31	6.2000000000000041e-02	9.9938019216028451e+00	9.9938019216028557e+00	9.9938019216028486e+00	9.9938019216028522e+00	7.9441092903912740e-15	5.0242958677880805e-15	2.0000000000000018e-03
32	6.4000000000000043e-02	9.9936020475631633e+00	9.9936020475631668e+00	9.9936020475631651e+00	9.9936020475631668e+00	3.5527136788005009e-15	1.7763568394002505e-15	2.0000000000000018e-03
33	6.6000000000000045e-02	9.9934021775209203e+00	9.9934021775209221e+00	9.9934021775209221e+00	9.9934021775209221e+00	3.9720546451956370e-15	1.7763568394002505e-15	2.0000000000000018e-03
34	6.8000000000000047e-02	9.9932023114760380e+00	9.9932023114760398e+00	9.9932023114760380e+00	9.9932023114760380e+00	3.9720546451956370e-15	1.7763568394002505e-15	2.0000000000000018e-03
35	7.0000000000000048e-02	9.9930024494284364e+00	9.9930024494284364e+00	9.9930024494284364e+00	9.9930024494284364e+00	5.0242958677880805e-15	0.0000000000000000e+00	2.0000000000000018e-03
36	7.2000000000000050e-02	9.9928025913780356e+00	9.9928025913780356e+00	9.9928025913780356e+00	9.9928025913780356e+00	5.0242958677880805e-15	0.0000000000000000e+00	2.0000000000000018e-03
37	7.4000000000000052e-02	9.9926027373247557e+00	9.9926027373247557e+00	9.9926027373247557e+00	9.9926027373247557e+00	5.0242958677880805e-15	0.0000000000000000e+00	2.0000000000000018e-03
38	7.6000000000000054e-02	9.9924028872685167e+00	9.9924028872685167e+00	9.9924028872685184e+00	9.9924028872685184e+00	7.5364438016821196e-15	2.5121479338940403e-15	2.0000000000000018e-03
39	7.8000000000000055e-02	9.9922030412092386e+00	9.9922030412092386e+00	9.9922030412092386e+00	9.9922030412092386e+00	5.0242958677880805e-15	0.0000000000000000e+00	2.0000000000000018e-03
40	8.0000000000000057e-02	9.9920031991468417e+00	9.9920031991468417e+00	9.9920031991468417e+00	9.9920031991468417e+00	7.5364438016821196e-15	0.0000000000000000e+00	2.0000000000000018e-03
41	8.2000000000000059e-02	9.9918033610812458e+00	9.9918033610812458e+00	9.9918033610812458e+00	9.9918033610812458e+00	5.0242958677880805e-15	0.0000000000000000e+00	2.0000000000000018e-03
42	8.4000000000000061e-02	9.9916035270123729e+00	9.9916035270123729e+00	9.9916035270123711e+00	9.9916035270123711e+00	7.5364438016821196e-15	2.5121479338940403e-15	2.0000000000000018e-03
43	8.6000000000000063e-02	9.9914036969401394e+00	9.9914036969401394e+00	9.9914036969401394e+00	9.9914036969401394e+00	7.5364438016821196e-15	0.0000000000000000e+00	2.0000000000000018e-03
44	8.8000000000000064e-02	9.9912038708644690e+00	9.9912038708644690e+00	9.9912038708644673e+00	9.9912038708644673e+00	7.5364438016821196e-15	2.5121479338940403e-15	2.0000000000000018e-03
45	9.0000000000000066e-02	9.9910040487852783e+00	9.9910040487852783e+00	9.9910040487852783e+00	9.9910040487852783e+00	7.5364438016821196e-15	0.0000000000000000e+00	2.0000000000000018e-03
46	9.2000000000000068e-02	9.9908042307024907e+00	9.9908042307024907e+00	9.9908042307024907e+00	9.9908042307024907e+00	7.5364438016821196e-15	0.0000000000000000e+00	2.0000000000000018e-03
47	9.4000000000000070e-02	9.9906044166160246e+00	9.9906044166160246e+00	9.9906044166160246e+00	9.9906044166160246e+00	7.5364438016821196e-15	0.0000000000000000e+00	2.0000000000000018e-03
48	9.6000000000000071e-02	9.9904046065258001e+00	9.9904046065258001e+00	9.9904046065258001e+00	9.9904046065258001e+00	1.0048591735576161e-14	0.0000000000000000e+00	2.0000000000000018e-03
49	9.8000000000000073e-02	9.9902048004317372e+00	9.9902048004317372e+00	9.9902048004317372e+00	9.9902048004317372e+00	7.5364438016821196e-15	0.0000000000000000e+00	2.0000000000000018e-03
50	9.8000000000000073e-02	9.9902048004317372e+00	9.9902048004317372e+00	9.9902048004317372e+00	9.9902048004317372e+00	7.5364438016821196e-15	0.0000000000000000e+00	0.0000000000000000e+00
